     0/199    0.778G   0.09217   0.04532   0.07305    0.2105         2       640  0.001109   0.05322 0.0002371  4.98e-05   0.08756   0.02935   0.06915
     1/199    0.818G   0.08683   0.04501   0.06588    0.1977         7       640    0.2528  0.003173 0.0004373 0.0001031   0.08212   0.03028   0.06253
     2/199    0.818G   0.08153   0.04665    0.0625    0.1907         5       640  0.002733    0.1292  0.001438  0.000242   0.07693   0.03147   0.05784
     3/199    0.818G   0.07509   0.04694   0.06026    0.1823         9       640    0.3049   0.03731  0.003094  0.000574   0.07063   0.03139    0.0549
     4/199    0.818G   0.07048   0.04834   0.05881    0.1776         5       640    0.4109   0.04851  0.006448  0.001366   0.06879   0.03062   0.05331
     5/199    0.818G   0.06762   0.04744   0.05737    0.1724         1       640     0.265    0.0877   0.01234  0.002811   0.06679   0.03155   0.05174
     6/199    0.818G   0.06527   0.04884   0.05607    0.1702         2       640    0.1971    0.1035   0.01853  0.004813   0.06374   0.03025   0.05065
     7/199    0.818G   0.06443   0.04848   0.05527    0.1682        16       640    0.1791    0.1182   0.02443  0.006273   0.06311   0.02954   0.04972
     8/199    0.818G   0.06268   0.04748   0.05489     0.165         4       640    0.2524    0.1098   0.03157  0.008114    0.0613   0.02946   0.04858
     9/199    0.818G   0.06195   0.04771   0.05357    0.1632         2       640    0.1535    0.1483   0.03072  0.008101   0.06057   0.02962    0.0475
    10/199    0.818G   0.06151   0.04718   0.05276    0.1615         6       640    0.3075    0.1183   0.03967    0.0106   0.06054   0.02888   0.04689
    11/199    0.818G   0.06037   0.04658   0.05223    0.1592         3       640    0.3066    0.1238   0.04464   0.01237   0.05953   0.02928   0.04499
    12/199    0.818G   0.05924   0.04646   0.05148    0.1572         2       640     0.271    0.1576   0.06262   0.01768   0.05927   0.02897   0.04484
    13/199    0.818G   0.05995   0.04717   0.05032    0.1574         7       640    0.3246    0.1428   0.06293   0.01863   0.05845   0.02881   0.04396
    14/199    0.818G   0.05904   0.04569   0.04985    0.1546         1       640    0.2509    0.1751    0.0684   0.01982   0.05801   0.02842   0.04332
    15/199    0.818G   0.05906   0.04712   0.04934    0.1555         0       640    0.3083    0.1555   0.06907   0.02156   0.05754   0.02826   0.04212
    16/199    0.818G   0.05784   0.04642   0.04846    0.1527         8       640     0.317    0.1582   0.08068   0.02617   0.05661   0.02814   0.04125
    17/199    0.818G   0.05742   0.04624   0.04781    0.1515         2       640    0.2109    0.1912   0.08364   0.02675   0.05666   0.02803   0.04144
    18/199    0.818G   0.05761   0.04584    0.0477    0.1512         1       640    0.2125    0.2097   0.09421   0.03012   0.05655   0.02832   0.03976
    19/199    0.818G   0.05621    0.0454   0.04673    0.1483         4       640    0.2497    0.1704   0.09871   0.03292   0.05556   0.02803   0.04005
    20/199    0.818G   0.05678    0.0463    0.0458    0.1489         2       640    0.1855    0.2059    0.1046   0.03333   0.05519   0.02778   0.03865
    21/199    0.818G   0.05618   0.04464   0.04586    0.1467         5       640    0.3193    0.1745    0.1116   0.03681   0.05493   0.02818   0.03827
    22/199    0.818G   0.05573   0.04513   0.04484    0.1457         4       640    0.1871    0.2744    0.1174   0.03827   0.05515   0.02758   0.03793
    23/199    0.818G   0.05616     0.046   0.04509    0.1472         2       640    0.2036    0.2182    0.1204   0.04097   0.05474   0.02768   0.03681
    24/199    0.818G   0.05523   0.04449   0.04461    0.1443         1       640    0.2475    0.2164     0.124   0.04052    0.0548   0.02777   0.03637
    25/199    0.818G   0.05486    0.0453   0.04334    0.1435         1       640    0.1579    0.2252    0.1181   0.03877    0.0552   0.02786   0.03611
    26/199    0.818G   0.05532    0.0455   0.04304    0.1439         3       640    0.3069    0.1729    0.1248   0.04196   0.05386   0.02814   0.03607
    27/199    0.818G   0.05488   0.04507   0.04264    0.1426         9       640    0.1969    0.2426    0.1359   0.04511   0.05466   0.02744   0.03528
    28/199    0.818G   0.05484   0.04435   0.04278     0.142         5       640    0.2258     0.233     0.142   0.04877   0.05449   0.02776   0.03483
    29/199    0.818G   0.05407   0.04383   0.04241    0.1403         2       640    0.1652    0.2611    0.1398   0.04892   0.05369   0.02765    0.0344
    30/199    0.818G   0.05402   0.04494   0.04201     0.141        11       640     0.203    0.2738    0.1624   0.05715   0.05357   0.02749    0.0341
    31/199    0.818G   0.05403   0.04406   0.04103    0.1391         5       640     0.271    0.2441    0.1651    0.0591    0.0533   0.02771   0.03357
    32/199    0.818G   0.05427   0.04516   0.04049    0.1399         4       640    0.2167    0.2323    0.1529   0.05488   0.05313   0.02796   0.03357
    33/199    0.818G   0.05395   0.04481   0.04044    0.1392         2       640    0.3421    0.1931    0.1629   0.05987   0.05269    0.0273   0.03319
    34/199    0.818G   0.05384   0.04497   0.04064    0.1394         4       640    0.2514    0.2231    0.1553   0.05475   0.05322     0.028   0.03291
    35/199    0.818G   0.05331     0.044   0.03968     0.137         6       640    0.1992    0.2893    0.1556    0.0568    0.0535   0.02717   0.03376
    36/199    0.818G   0.05311   0.04449   0.03887    0.1365         4       640    0.2413    0.2422    0.1739   0.06336   0.05253   0.02714   0.03207
    37/199    0.818G   0.05338   0.04472    0.0391    0.1372         5       640    0.2211    0.2674    0.1678   0.05949   0.05223   0.02734   0.03142
    38/199    0.818G   0.05272   0.04382   0.03787    0.1344         3       640     0.265    0.2753    0.1778   0.06615   0.05229   0.02693   0.03197
    39/199    0.818G   0.05269   0.04433   0.03879    0.1358         5       640    0.2265    0.2864    0.1819   0.06481   0.05226   0.02682   0.03171
    40/199    0.818G   0.05295    0.0454   0.03794    0.1363         5       640    0.2937    0.2547    0.1856   0.06661   0.05169   0.02735   0.03137
    41/199    0.818G   0.05175    0.0433   0.03795     0.133         8       640     0.324     0.253    0.1934   0.06927   0.05191    0.0271    0.0312
    42/199    0.818G    0.0524   0.04439   0.03778    0.1346         3       640    0.2753      0.26    0.1868   0.06928   0.05158   0.02696    0.0307
    43/199    0.818G   0.05244   0.04324   0.03669    0.1324         2       640    0.2463    0.2769    0.1961   0.07224   0.05165   0.02688   0.03101
    44/199    0.818G   0.05166   0.04337   0.03717    0.1322         5       640    0.2672    0.2971    0.2138   0.07778   0.05156   0.02684   0.03027
    45/199    0.818G   0.05172   0.04313   0.03674    0.1316         2       640    0.2517     0.304    0.2101    0.0811   0.05156   0.02691   0.03032
    46/199    0.818G   0.05184   0.04354   0.03541    0.1308        20       640    0.2881    0.2831    0.2209   0.08652   0.05109   0.02679   0.02986
    47/199    0.818G   0.05168   0.04305   0.03568    0.1304         3       640    0.2937    0.2876    0.2205   0.08417   0.05111   0.02663   0.02953
    48/199    0.818G   0.05138   0.04255   0.03618    0.1301         8       640    0.3145    0.2813    0.2193    0.0846   0.05091   0.02687   0.03027
    49/199    0.818G   0.04982   0.04284   0.03517    0.1278         8       640    0.3032    0.3081    0.2378   0.08962   0.05076   0.02631   0.02932
    50/199    0.818G   0.05053   0.04351   0.03463    0.1287        10       640     0.307    0.3027    0.2335   0.09355   0.05089   0.02658   0.02958
    51/199    0.818G   0.05053   0.04277   0.03568     0.129         2       640    0.2898    0.2722    0.2179   0.08673   0.05039   0.02654    0.0293
    52/199    0.818G   0.05035   0.04303   0.03455    0.1279         3       640    0.2855    0.3343    0.2428   0.09313    0.0507   0.02653   0.02844
    53/199    0.818G   0.05029   0.04295   0.03428    0.1275         5       640    0.3035    0.3171    0.2383   0.09309   0.05049   0.02668   0.02867
    54/199    0.818G    0.0502   0.04265   0.03411    0.1269         4       640    0.3162    0.2672    0.2236   0.08495   0.05058   0.02653   0.02934
    55/199    0.818G   0.05104   0.04258   0.03408    0.1277         6       640    0.2953    0.3102     0.234   0.09026   0.04999   0.02652   0.02857
    56/199    0.818G   0.04993   0.04231   0.03386    0.1261         1       640    0.3383     0.292    0.2389   0.09124   0.05039   0.02672   0.02793
    57/199    0.818G    0.0497   0.04282   0.03336    0.1259         3       640     0.274    0.3277    0.2407   0.09504    0.0502   0.02651   0.02811
    58/199    0.818G   0.05049   0.04318   0.03296    0.1266         7       640    0.2954    0.3343    0.2557    0.1021   0.04993   0.02649   0.02821
    59/199    0.818G   0.04982   0.04297   0.03239    0.1252         6       640    0.3169    0.3389    0.2603    0.1038   0.04968   0.02626   0.02771
    60/199    0.818G   0.04922    0.0419   0.03275    0.1239         3       640    0.3206    0.3323    0.2658    0.1062   0.04995   0.02633   0.02764
    61/199    0.818G   0.04877   0.04265   0.03254     0.124         1       640    0.3229    0.3359    0.2646     0.108   0.04951   0.02632   0.02737
    62/199    0.818G   0.04963   0.04209   0.03214    0.1239         6       640    0.3336    0.3395    0.2762    0.1111   0.04973   0.02641   0.02701
    63/199    0.818G   0.04891   0.04221   0.03218    0.1233         5       640    0.3552    0.3119    0.2705     0.112   0.04907   0.02639   0.02734
    64/199    0.818G   0.04893   0.04242   0.03098    0.1223         3       640    0.3655    0.3149     0.271     0.109   0.04907   0.02626   0.02683
    65/199    0.818G   0.04923    0.0426   0.03133    0.1232        18       640    0.3393    0.3078    0.2592     0.102   0.04959   0.02615   0.02717
    66/199    0.818G   0.04849   0.04133   0.03233    0.1222         3       640    0.3386    0.3291    0.2736    0.1089   0.04935    0.0264   0.02701
    67/199    0.818G   0.04837   0.04246   0.03179    0.1226         2       640    0.3699    0.3125    0.2772    0.1133   0.04927   0.02611   0.02682
    68/199    0.818G   0.04928   0.04268   0.03106     0.123         9       640    0.3533    0.2996    0.2669    0.1105   0.04886   0.02626   0.02655
    69/199    0.818G   0.04833   0.04183   0.03046    0.1206         9       640    0.3113    0.3399    0.2718    0.1109    0.0491   0.02608   0.02664
    70/199    0.818G     0.048   0.04122   0.03092    0.1201         4       640    0.3553    0.3333    0.2862    0.1154   0.04902     0.026   0.02654
    71/199    0.818G   0.04814   0.04163   0.02987    0.1196         9       640    0.3204    0.3703    0.2903    0.1178   0.04921   0.02607   0.02641
    72/199    0.818G   0.04751   0.04122   0.02973    0.1185         3       640     0.346     0.352    0.2949    0.1207   0.04889   0.02609   0.02614
    73/199    0.818G   0.04766   0.04126   0.03025    0.1192        12       640    0.3504    0.3488    0.2906    0.1219    0.0486   0.02592   0.02585
    74/199    0.818G    0.0481   0.04184   0.03012    0.1201         2       640    0.3512    0.3412    0.2959    0.1255   0.04852   0.02612   0.02609
    75/199    0.818G   0.04781   0.04136   0.02956    0.1187         1       640    0.3592    0.3616    0.3118    0.1272   0.04864   0.02603   0.02597
    76/199    0.818G   0.04803   0.04208   0.02928    0.1194        12       640     0.405    0.3332    0.3111    0.1281   0.04863   0.02603   0.02601
    77/199    0.818G   0.04751   0.04183   0.02845    0.1178         6       640    0.3917    0.3389    0.3011    0.1274   0.04847   0.02613   0.02613
    78/199    0.818G   0.04696   0.04117   0.02846    0.1166         2       640    0.3745    0.3495    0.3121    0.1338   0.04847   0.02601   0.02569
    79/199    0.818G   0.04694   0.04085   0.02917     0.117         1       640    0.3649    0.3496    0.3007    0.1249   0.04842   0.02589   0.02548
    80/199    0.818G   0.04776   0.04106   0.02841    0.1172         5       640    0.3907    0.3492    0.3182    0.1333   0.04848   0.02597   0.02559
    81/199    0.818G   0.04723   0.04135   0.02867    0.1173         2       640     0.395    0.3333    0.3111    0.1328   0.04844   0.02593   0.02527
    82/199    0.818G   0.04694   0.04137   0.02707    0.1154         1       640    0.4204    0.3294    0.3143    0.1332   0.04808   0.02595   0.02517
    83/199    0.818G    0.0468   0.04114    0.0275    0.1154         1       640    0.3718    0.3567     0.315    0.1338   0.04811   0.02586   0.02482
    84/199    0.818G   0.04688   0.04108    0.0279    0.1159         6       640    0.4026    0.3484    0.3174    0.1327   0.04796   0.02579    0.0251
    85/199    0.818G   0.04696   0.04128   0.02753    0.1158         5       640    0.3938    0.3474    0.3226    0.1364    0.0477   0.02596   0.02513
    86/199    0.818G   0.04637   0.04132   0.02722    0.1149         2       640    0.3972    0.3633    0.3273    0.1409   0.04756   0.02591   0.02457
    87/199    0.818G   0.04632   0.04131   0.02676    0.1144         2       640    0.4093     0.344    0.3246    0.1376   0.04802   0.02582   0.02484
    88/199    0.818G   0.04677    0.0402   0.02666    0.1136         4       640    0.4128    0.3301    0.3214    0.1334   0.04774   0.02588   0.02489
    89/199    0.818G   0.04641   0.04165   0.02687    0.1149         4       640    0.3929    0.3737     0.337     0.142   0.04763   0.02571    0.0246
    90/199    0.818G   0.04549   0.04003   0.02647     0.112         4       640    0.3698    0.3942     0.337    0.1431   0.04765   0.02572   0.02434
    91/199    0.818G   0.04614   0.04025   0.02649    0.1129         2       640    0.4273     0.353    0.3431    0.1488   0.04784   0.02563   0.02483
    92/199    0.818G   0.04628   0.04068   0.02603     0.113         8       640    0.4044    0.3637    0.3383    0.1462   0.04753   0.02583   0.02441
    93/199    0.818G   0.04582   0.04071   0.02652    0.1131        10       640    0.4135    0.3668     0.342    0.1471   0.04767   0.02574   0.02416
    94/199    0.818G   0.04552   0.04007   0.02666    0.1122         6       640    0.3975    0.3852    0.3413    0.1456   0.04755   0.02575     0.024
    95/199    0.818G   0.04647   0.04089   0.02619    0.1135         3       640    0.3942    0.3812     0.342    0.1457   0.04754   0.02555   0.02389
    96/199    0.818G   0.04581   0.04038    0.0258     0.112         6       640    0.3824    0.3858    0.3442    0.1475   0.04746   0.02564   0.02363
    97/199    0.818G   0.04558   0.04118   0.02549    0.1122         4       640    0.4217    0.3749    0.3537    0.1535     0.047   0.02572   0.02408
    98/199    0.818G   0.04542   0.03983   0.02465    0.1099         6       640    0.4035    0.3781    0.3491    0.1521   0.04734   0.02563    0.0238
    99/199    0.818G   0.04582   0.03995   0.02599    0.1118         5       640    0.4859    0.3363    0.3473    0.1518   0.04739   0.02566   0.02394
   100/199    0.818G   0.04491   0.04042   0.02563     0.111         1       640    0.4475    0.3575    0.3513    0.1542   0.04719   0.02559   0.02403
   101/199    0.818G   0.04625   0.04042   0.02511    0.1118         3       640    0.4067    0.3965    0.3622    0.1553   0.04732   0.02549   0.02366
   102/199    0.818G   0.04474   0.04017    0.0258    0.1107         2       640    0.4122    0.3923    0.3569    0.1556   0.04727   0.02578   0.02362
   103/199    0.818G   0.04483   0.03971   0.02441     0.109         4       640    0.4057    0.3885    0.3599    0.1574   0.04696   0.02553   0.02394
   104/199    0.818G   0.04432   0.03984   0.02328    0.1074         3       640    0.4764    0.3548    0.3516    0.1532   0.04696   0.02567   0.02381
   105/199    0.818G   0.04484   0.03974   0.02443     0.109         2       640    0.3945    0.3888    0.3559    0.1563    0.0468   0.02557   0.02367
   106/199    0.818G   0.04412   0.03975    0.0251     0.109         5       640    0.3887    0.4074     0.359    0.1579   0.04689   0.02547    0.0237
   107/199    0.818G   0.04424   0.03961   0.02409    0.1079         7       640    0.4628    0.3558    0.3612    0.1598   0.04705   0.02557   0.02347
   108/199    0.818G   0.04438   0.03984   0.02466    0.1089         2       640    0.4389    0.3736    0.3601     0.158     0.047   0.02567   0.02413
   109/199    0.818G    0.0443   0.03995   0.02412    0.1084         2       640     0.418    0.3975    0.3724    0.1649   0.04675   0.02541   0.02362
   110/199    0.818G   0.04411   0.03917   0.02376     0.107         8       640    0.4047    0.4017    0.3641    0.1603   0.04678   0.02554    0.0236
   111/199    0.818G   0.04436   0.03942   0.02383    0.1076         4       640     0.431    0.3759    0.3651    0.1633   0.04664   0.02549   0.02395
   112/199    0.818G   0.04404   0.03972   0.02346    0.1072         3       640    0.4514    0.3643    0.3674    0.1647   0.04663    0.0255   0.02359
   113/199    0.818G   0.04462   0.04015   0.02309    0.1079         6       640    0.4875    0.3609    0.3724    0.1669   0.04662   0.02531   0.02326
   114/199    0.818G   0.04362   0.03921    0.0231    0.1059         4       640    0.4446    0.3848    0.3718    0.1641   0.04698   0.02544   0.02329
   115/199    0.818G   0.04398   0.03972   0.02331     0.107         6       640    0.4389    0.3785    0.3635    0.1594   0.04682   0.02553    0.0236
   116/199    0.818G    0.0439   0.03913   0.02378    0.1068         4       640    0.4288    0.3996    0.3792    0.1698   0.04658   0.02544   0.02327
   117/199    0.818G   0.04385   0.03951   0.02306    0.1064         1       640    0.4674    0.3788    0.3792    0.1693   0.04662   0.02548    0.0233
   118/199    0.818G   0.04315   0.03882   0.02261    0.1046         3       640    0.4185    0.4127    0.3789     0.167    0.0467   0.02544   0.02329
   119/199    0.818G   0.04407   0.03932   0.02176    0.1051         2       640     0.458     0.389    0.3786    0.1658   0.04647   0.02538   0.02295
   120/199    0.818G   0.04346   0.03865   0.02232    0.1044         9       640    0.4635    0.3838    0.3773     0.169   0.04644   0.02541    0.0231
   121/199    0.818G   0.04437   0.03964   0.02315    0.1072         4       640    0.4418    0.3837    0.3725    0.1682   0.04653   0.02534   0.02307
   122/199    0.818G   0.04294   0.03894   0.02193    0.1038         8       640    0.4176    0.4054    0.3743    0.1667   0.04644   0.02536   0.02346
   123/199    0.818G   0.04313   0.03885   0.02208    0.1041         1       640     0.436    0.3877    0.3748    0.1687   0.04621   0.02529    0.0231
   124/199    0.818G   0.04361   0.03982   0.02209    0.1055         4       640    0.4566     0.383    0.3761    0.1704   0.04632    0.0254   0.02314
   125/199    0.818G   0.04317   0.03883   0.02157    0.1036        10       640    0.4552    0.3822    0.3776    0.1728   0.04636   0.02524   0.02329
   126/199    0.818G    0.0434   0.03904     0.022    0.1044         3       640    0.4697    0.3799    0.3749    0.1703   0.04641    0.0254   0.02298
   127/199    0.818G   0.04331   0.03858   0.02193    0.1038         2       640    0.4863    0.3721    0.3762    0.1723   0.04634   0.02526   0.02302
   128/199    0.818G    0.0433   0.03888   0.02123    0.1034         4       640    0.4578    0.3834    0.3779    0.1717   0.04639   0.02519   0.02315
   129/199    0.818G   0.04236   0.03835   0.02129     0.102         5       640    0.4631    0.3811    0.3798    0.1738   0.04653    0.0253   0.02345
   130/199    0.818G   0.04229   0.03855   0.02162    0.1025         4       640    0.4606    0.3814    0.3834    0.1748    0.0467   0.02528    0.0236
   131/199    0.818G   0.04272   0.03855   0.02203    0.1033         2       640    0.4232    0.4035    0.3755    0.1736   0.04636   0.02531   0.02333
   132/199    0.818G   0.04242   0.03758   0.02172    0.1017         4       640    0.4678    0.3767     0.378     0.173   0.04633   0.02536   0.02329
   133/199    0.818G   0.04216   0.03841   0.02153    0.1021         6       640    0.4875    0.3693    0.3738    0.1744   0.04634   0.02538   0.02329
   134/199    0.818G   0.04271   0.03968   0.02182    0.1042        11       640    0.4432    0.4005    0.3822    0.1764   0.04617   0.02529   0.02306
   135/199    0.818G   0.04165   0.03803   0.02018   0.09986         1       640    0.4324    0.4158    0.3823     0.176   0.04627   0.02535   0.02317
   136/199    0.818G   0.04217   0.03904   0.02105    0.1022         2       640     0.486    0.3753    0.3857    0.1798    0.0463   0.02525   0.02318
   137/199    0.818G   0.04193   0.03877   0.02025    0.1009         3       640    0.4603    0.3881    0.3812    0.1776   0.04624   0.02533   0.02302
   138/199    0.818G   0.04238   0.03758     0.021     0.101         2       640    0.4357    0.4148    0.3854     0.178   0.04605    0.0252   0.02308
   139/199    0.818G   0.04191   0.03869    0.0205    0.1011         2       640    0.4843    0.3818     0.387    0.1797   0.04624   0.02521   0.02281
   140/199    0.818G   0.04169   0.03829    0.0204    0.1004         2       640    0.4517    0.4045    0.3868    0.1781   0.04622   0.02524   0.02289
   141/199    0.818G   0.04167    0.0379   0.02069    0.1003         3       640    0.5011    0.3792    0.3836    0.1781   0.04599   0.02521   0.02291
   142/199    0.818G   0.04185   0.03811   0.01975   0.09971         4       640    0.4652    0.4016    0.3878    0.1776   0.04605   0.02521   0.02305
   143/199    0.818G   0.04141   0.03822   0.01964   0.09926         6       640     0.433     0.414    0.3855    0.1803   0.04604   0.02523   0.02301
   144/199    0.818G   0.04123   0.03787    0.0195   0.09859         5       640    0.4422     0.418    0.3889     0.179   0.04615   0.02524   0.02288
   145/199    0.818G   0.04168    0.0385   0.01967   0.09984         2       640    0.4911    0.3947    0.3918    0.1824   0.04611   0.02525    0.0228
   146/199    0.818G   0.04146    0.0373   0.02011   0.09887        10       640    0.4371    0.4289    0.3923    0.1833   0.04616   0.02534   0.02288
   147/199    0.818G   0.04088   0.03799   0.01971   0.09858         7       640    0.4998    0.3964    0.3987    0.1859   0.04611    0.0252   0.02299
   148/199    0.818G   0.04088   0.03826   0.01952   0.09865         9       640    0.4883     0.405    0.4026    0.1848   0.04618    0.0252   0.02297
   149/199    0.818G   0.04112   0.03843   0.02001   0.09956         4       640    0.4831    0.4034    0.3982    0.1836   0.04617   0.02521   0.02322
   150/199    0.818G   0.04132   0.03799   0.01936   0.09867        10       640    0.4706    0.4063    0.4012    0.1842   0.04633   0.02523    0.0232
   151/199    0.818G   0.04081   0.03702   0.02007   0.09791         5       640    0.4994    0.3772    0.3951    0.1817   0.04631   0.02535   0.02332
   152/199    0.818G     0.041    0.0381   0.01947   0.09856         2       640    0.4597    0.4046    0.3969    0.1842   0.04612    0.0253   0.02314
   153/199    0.818G   0.04097   0.03713   0.01945   0.09754         6       640    0.4138    0.4332    0.3909    0.1811   0.04599   0.02528   0.02291
   154/199    0.818G   0.04095   0.03766   0.01935   0.09796         4       640    0.4888    0.3943    0.3996    0.1847   0.04613   0.02518   0.02282
   155/199    0.818G   0.04072     0.037   0.01969    0.0974         3       640    0.4913     0.396    0.4014    0.1853   0.04617   0.02518    0.0225
   156/199    0.818G   0.04067   0.03723   0.01962   0.09752        10       640    0.4987    0.4005    0.4026    0.1868   0.04615   0.02522   0.02266
   157/199    0.818G   0.04045   0.03756   0.01884   0.09685         2       640     0.504    0.3978    0.4011     0.185   0.04597   0.02526   0.02267
   158/199    0.818G   0.04107   0.03694   0.01925   0.09726         6       640    0.4888    0.4026    0.3983    0.1871   0.04612   0.02519   0.02277
   159/199    0.818G   0.04059   0.03709   0.01889   0.09657         4       640    0.4564    0.4164    0.3965    0.1847   0.04611   0.02522   0.02272
   160/199    0.818G   0.04099   0.03711   0.01882   0.09691         7       640    0.4482    0.4254    0.3998    0.1874   0.04602   0.02524   0.02253
   161/199    0.818G   0.04033   0.03748    0.0182     0.096        12       640    0.4851    0.4007    0.3984    0.1867   0.04604   0.02518   0.02263
   162/199    0.818G    0.0406   0.03833   0.01827    0.0972         4       640    0.4798    0.4088    0.3961    0.1853   0.04607   0.02519   0.02274
   163/199    0.818G   0.04056   0.03766   0.01848    0.0967         1       640    0.4703    0.4279     0.406    0.1879   0.04599   0.02512    0.0227
   164/199    0.818G    0.0397   0.03746   0.01793   0.09508         6       640    0.4808     0.427    0.4066    0.1902   0.04611   0.02524   0.02284
   165/199    0.818G   0.04065   0.03712   0.01815   0.09592         8       640    0.5234    0.3968    0.4057    0.1878   0.04606   0.02526   0.02298
   166/199    0.818G   0.04012   0.03724   0.01852   0.09588         3       640    0.4845    0.4131    0.4066    0.1918   0.04613   0.02527   0.02293
   167/199    0.818G   0.03961   0.03658   0.01816   0.09435         1       640    0.4729    0.4249    0.4037    0.1885   0.04596   0.02521   0.02286
   168/199    0.818G   0.04004   0.03724   0.01886   0.09614         4       640    0.4472    0.4304    0.4019    0.1884   0.04578   0.02524   0.02275
   169/199    0.818G   0.03998   0.03716   0.01831   0.09545         1       640    0.4834    0.4119    0.4025    0.1901    0.0459   0.02524   0.02287
   170/199    0.818G      0.04   0.03689   0.01763   0.09451         1       640    0.4715    0.4275    0.4041    0.1882   0.04614   0.02523   0.02298
   171/199    0.818G   0.03982   0.03689   0.01738   0.09409         2       640    0.4886    0.4092     0.405     0.188   0.04596   0.02531   0.02308
   172/199    0.818G   0.04008    0.0366   0.01825   0.09494         1       640     0.485    0.4121    0.4026    0.1873   0.04595   0.02532   0.02278
   173/199    0.818G   0.03926   0.03738   0.01768   0.09433         1       640     0.469    0.4269    0.4008    0.1856   0.04587   0.02527   0.02294
   174/199    0.818G   0.03993   0.03676    0.0171   0.09379         3       640    0.4827    0.4169    0.4005     0.185   0.04586   0.02523   0.02306
   175/199    0.818G   0.03956   0.03659   0.01742   0.09357         1       640    0.5123     0.397    0.4021      0.19   0.04591   0.02529   0.02329
   176/199    0.818G   0.03965   0.03646   0.01718   0.09329         5       640     0.503    0.4034    0.4044    0.1898   0.04593   0.02527   0.02317
   177/199    0.818G   0.03918   0.03563   0.01715   0.09197         1       640    0.4957    0.4104    0.4057    0.1895   0.04605   0.02532   0.02318
   178/199    0.818G   0.03911   0.03559   0.01756   0.09225         9       640    0.4684    0.4307    0.4051    0.1906     0.046   0.02529   0.02314
   179/199    0.818G   0.03971   0.03672   0.01741   0.09383         3       640    0.4589    0.4363    0.4047    0.1918   0.04591    0.0253   0.02293
   180/199    0.818G   0.03928   0.03699    0.0175   0.09377        23       640    0.5201    0.3934    0.4009    0.1885   0.04595   0.02527   0.02275
   181/199    0.818G   0.03957   0.03628   0.01738   0.09322         7       640    0.4841    0.4182    0.4023    0.1881   0.04603   0.02535   0.02291
   182/199    0.818G   0.04009   0.03742    0.0177   0.09522         5       640    0.4941    0.4109    0.4024    0.1878   0.04598   0.02534   0.02312
   183/199    0.818G   0.03901   0.03596   0.01747   0.09245         2       640    0.5253    0.3946    0.4059    0.1918   0.04592   0.02528    0.0233
   184/199    0.818G   0.03925   0.03629   0.01711   0.09265         5       640    0.4974    0.4138    0.4073    0.1928   0.04594   0.02521   0.02334
   185/199    0.818G   0.03917   0.03656   0.01749   0.09322         6       640    0.4846     0.422    0.4077    0.1942   0.04601   0.02523   0.02338
   186/199    0.818G    0.0394   0.03693   0.01672   0.09305         4       640    0.4648    0.4278    0.4063    0.1927   0.04607   0.02526   0.02325
   187/199    0.818G   0.03918   0.03637   0.01722   0.09277         4       640    0.5117    0.4095     0.409    0.1937   0.04608   0.02517   0.02293
   188/199    0.818G   0.03931   0.03615    0.0174   0.09287        12       640    0.4919    0.4137    0.4072    0.1953   0.04601    0.0252   0.02269
   189/199    0.818G   0.03904   0.03676   0.01762   0.09342         7       640    0.5142    0.4043    0.4077    0.1934   0.04591   0.02527   0.02273
   190/199    0.818G   0.03889   0.03593   0.01726   0.09208        10       640    0.4983    0.4135    0.4075    0.1937   0.04594   0.02529    0.0229
   191/199    0.818G   0.03918   0.03539   0.01767   0.09224         4       640    0.4785    0.4188    0.4026    0.1902   0.04607   0.02532   0.02278
   192/199    0.818G   0.03869    0.0358   0.01712   0.09161        11       640    0.4929    0.4134    0.4062    0.1922   0.04622   0.02529    0.0228
   193/199    0.818G   0.03876   0.03617   0.01693   0.09187         5       640    0.4846    0.4167    0.4051    0.1927   0.04611   0.02528   0.02279
   194/199    0.818G   0.03903   0.03608   0.01676   0.09187         6       640    0.4835    0.4248    0.4076    0.1925    0.0461   0.02537   0.02271
   195/199    0.818G   0.03913   0.03607   0.01739   0.09259         3       640    0.4831    0.4277    0.4071    0.1923   0.04622   0.02532   0.02262
   196/199    0.818G   0.03855     0.036   0.01695    0.0915         2       640    0.4831    0.4258    0.4089    0.1941   0.04627   0.02534   0.02261
   197/199    0.818G   0.03866    0.0363    0.0164   0.09136         2       640    0.5076    0.4092    0.4081    0.1946   0.04624   0.02533   0.02265
   198/199    0.818G   0.03908   0.03535   0.01709   0.09152         6       640    0.5017    0.4175    0.4095    0.1953   0.04627   0.02527   0.02284
   199/199    0.818G   0.03862   0.03604   0.01674    0.0914         5       640     0.503      0.41    0.4077    0.1929   0.04624    0.0253   0.02303
