     0/199    0.793G    0.0731    0.0434   0.06685    0.1833         2       640    0.1057    0.3167    0.1496   0.06944   0.04631   0.02119   0.04476
     1/199     0.91G    0.0538   0.03375   0.04231    0.1299         6       640    0.3803    0.4486     0.377     0.161   0.05013   0.02007   0.02814
     2/199     0.91G   0.05415   0.03443   0.03233    0.1209         4       640    0.4584    0.4637    0.4009    0.1493   0.05085   0.02089   0.02182
     3/199     0.91G   0.05119   0.03723   0.03198    0.1204         5       640    0.3761    0.4342    0.3568    0.1446    0.0494   0.02321   0.02299
     4/199     0.91G   0.04831   0.03949   0.03184    0.1196         2       640    0.5196    0.4076    0.4042    0.1668   0.04523    0.0241   0.02183
     5/199     0.91G   0.04702   0.03906   0.03009    0.1162         3       640    0.4837    0.4494    0.4291     0.183   0.04332   0.02425   0.02138
     6/199     0.91G   0.04586   0.03893   0.02859    0.1134         5       640    0.5204    0.4684    0.4574    0.2075   0.04412   0.02319   0.01879
     7/199     0.91G   0.04446   0.03689   0.02682    0.1082         3       640    0.5082    0.4233    0.4214      0.19   0.04289   0.02361   0.02155
     8/199     0.91G   0.04412   0.03787   0.02656    0.1086        11       640    0.4816    0.4191    0.4069    0.1806   0.04338   0.02453   0.02053
     9/199     0.91G   0.04349   0.03807   0.02598    0.1075         7       640    0.4722    0.4881     0.456    0.2126   0.04155   0.02348   0.01916
    10/199     0.91G   0.04324   0.03681   0.02408    0.1041         9       640    0.5644    0.5072    0.5161    0.2522   0.04042   0.02328   0.01717
    11/199     0.91G   0.04161   0.03613   0.02276    0.1005         2       640    0.5136    0.5151    0.4942    0.2426   0.04069   0.02261   0.01635
    12/199     0.91G   0.04167   0.03587   0.02145   0.09899         2       640    0.5491    0.5004    0.5076    0.2463   0.03981   0.02262   0.01669
    13/199     0.91G   0.04113   0.03618   0.02095   0.09826         4       640    0.5877    0.5299    0.5516    0.2762   0.03908    0.0226   0.01509
    14/199     0.91G   0.04105   0.03543   0.02037   0.09686         1       640    0.5995     0.526    0.5589    0.2707   0.03956   0.02253   0.01536
    15/199     0.91G   0.04035   0.03541    0.0204   0.09615         3       640    0.5551    0.5322     0.526    0.2624   0.04008   0.02268    0.0168
    16/199     0.91G   0.04069   0.03619    0.0199   0.09679         1       640    0.6259    0.5282    0.5717     0.291    0.0391    0.0223   0.01521
    17/199     0.91G   0.03974   0.03459   0.01927    0.0936         4       640    0.5929    0.5345    0.5547    0.2854   0.03907   0.02237   0.01504
    18/199     0.91G    0.0392   0.03453   0.01908    0.0928         3       640    0.5891    0.5487    0.5618    0.2911   0.03838   0.02226   0.01478
    19/199     0.91G   0.03908   0.03544   0.01999   0.09451         5       640    0.5796    0.5598    0.5607    0.2832   0.03817   0.02228   0.01507
    20/199    0.912G     0.039   0.03497   0.01839   0.09236         8       640    0.6281    0.5219    0.5594    0.2913   0.03855   0.02248   0.01469
    21/199    0.912G   0.03845   0.03428   0.01777    0.0905        11       640    0.6356    0.5088    0.5616    0.2912   0.03807   0.02249   0.01462
    22/199    0.912G   0.03878   0.03403   0.01899   0.09181         1       640    0.5647    0.5474    0.5484    0.2722   0.03897   0.02236   0.01454
    23/199    0.912G   0.03799   0.03382   0.01681   0.08862         2       640    0.6039    0.5435    0.5555    0.2904   0.03808   0.02217   0.01467
    24/199    0.912G   0.03768   0.03422   0.01662   0.08852         3       640    0.6082    0.5602    0.5744    0.2968   0.03754   0.02257   0.01525
    25/199    0.912G     0.037   0.03463   0.01688   0.08851         6       640    0.6499    0.5175    0.5719    0.2981   0.03777   0.02223   0.01423
    26/199    0.912G   0.03699   0.03422   0.01701   0.08822         1       640    0.6153    0.5635    0.5838    0.3087   0.03736   0.02212   0.01414
    27/199    0.912G   0.03661   0.03354   0.01554    0.0857         2       640     0.655    0.5454    0.5968    0.3173    0.0367   0.02192   0.01461
    28/199    0.912G   0.03669   0.03273   0.01599   0.08542         7       640    0.6137    0.5735    0.5881    0.3196   0.03697   0.02234   0.01443
    29/199    0.912G    0.0364    0.0335    0.0157    0.0856         2       640    0.6314     0.542    0.5662    0.2953   0.03737   0.02257   0.01438
    30/199    0.912G   0.03631   0.03294   0.01654   0.08579         3       640    0.6222    0.5327      0.56    0.2997   0.03772   0.02235   0.01422
    31/199    0.912G   0.03682   0.03328   0.01671   0.08681        11       640    0.6131    0.5781    0.5851    0.3122   0.03721   0.02218   0.01309
    32/199    0.912G   0.03641   0.03304   0.01577   0.08522         1       640    0.6055    0.5776    0.5761    0.3076   0.03681   0.02201    0.0136
    33/199    0.912G   0.03596   0.03291   0.01484   0.08371        11       640    0.6224     0.532     0.558    0.2941   0.03719   0.02272   0.01426
    34/199    0.912G    0.0351   0.03309   0.01516   0.08336         8       640    0.6217    0.5808    0.5922    0.3183   0.03663   0.02212   0.01414
    35/199    0.912G    0.0351   0.03299    0.0154   0.08349         2       640    0.6688    0.5607    0.6035    0.3324   0.03655   0.02196   0.01365
    36/199    0.912G   0.03539   0.03252    0.0135    0.0814         4       640    0.6642    0.5733    0.6136    0.3333    0.0363   0.02205   0.01321
    37/199    0.912G   0.03461   0.03284   0.01398   0.08142         3       640    0.6262    0.5864    0.6062    0.3332   0.03606   0.02198   0.01318
    38/199    0.912G   0.03502   0.03211   0.01432   0.08144         3       640    0.6387    0.5821    0.6023    0.3318   0.03693   0.02196   0.01369
    39/199    0.912G    0.0347   0.03233   0.01388   0.08091         1       640    0.6162     0.584    0.5999    0.3356    0.0357   0.02232   0.01344
    40/199    0.912G   0.03491   0.03275    0.0139   0.08157         1       640    0.6189    0.5996      0.61    0.3384   0.03634   0.02226   0.01333
    41/199    0.912G   0.03435   0.03218   0.01455   0.08108         7       640     0.671    0.5552    0.5927    0.3196   0.03633   0.02229   0.01294
    42/199    0.912G   0.03432   0.03114   0.01404    0.0795         4       640    0.6709    0.5679    0.6106    0.3388   0.03671   0.02188   0.01325
    43/199    0.912G   0.03451   0.03092    0.0139   0.07932         2       640    0.6514     0.562    0.5971    0.3306   0.03669   0.02209   0.01356
    44/199    0.912G   0.03415   0.03115   0.01324   0.07854         4       640    0.6323    0.5859    0.6029    0.3295   0.03634   0.02196   0.01352
    45/199    0.912G    0.0338   0.03153   0.01324   0.07857         2       640    0.6605    0.5632    0.6148    0.3414   0.03573   0.02177   0.01211
    46/199    0.912G     0.034   0.03158   0.01245   0.07803         8       640    0.6332    0.5964    0.6171    0.3506   0.03564   0.02199   0.01273
    47/199    0.912G   0.03343   0.03092   0.01254    0.0769        11       640    0.6451    0.5963    0.6185    0.3474   0.03596   0.02206     0.013
    48/199    0.912G   0.03349   0.03027     0.012   0.07576         5       640    0.6588    0.6028    0.6347    0.3555   0.03562   0.02175   0.01261
    49/199    0.912G   0.03276   0.03079   0.01224   0.07579         2       640    0.6864    0.5786    0.6285    0.3543   0.03561   0.02211   0.01216
    50/199    0.912G   0.03293   0.03093    0.0122   0.07606         3       640    0.6746    0.5864    0.6306    0.3549   0.03549   0.02198   0.01212
    51/199    0.912G   0.03286   0.03061   0.01158   0.07505         9       640     0.683     0.585    0.6288     0.358   0.03604   0.02188   0.01198
    52/199    0.912G   0.03275   0.03007   0.01166   0.07449         7       640    0.6795    0.5719    0.6269    0.3517   0.03616   0.02209    0.0129
    53/199    0.912G   0.03283   0.03023   0.01174   0.07481         3       640    0.6582    0.6115    0.6358    0.3611   0.03568   0.02202   0.01289
    54/199    0.912G   0.03204   0.03044   0.01086   0.07335         2       640    0.6803    0.5954    0.6367    0.3579    0.0357   0.02215    0.0129
    55/199    0.912G   0.03231   0.02943   0.01144   0.07319         4       640    0.6459    0.6193    0.6298    0.3529    0.0353   0.02189   0.01282
    56/199    0.912G   0.03252   0.03007   0.01166   0.07425         9       640    0.6781     0.576    0.6073    0.3411   0.03574   0.02238   0.01368
    57/199    0.912G   0.03231   0.02985   0.01195   0.07411        18       640    0.6598    0.5634    0.5945    0.3369   0.03599    0.0224   0.01363
    58/199    0.912G   0.03287   0.03082   0.01207   0.07576         2       640     0.651    0.5731    0.6073    0.3419    0.0358   0.02231   0.01312
    59/199    0.912G   0.03196   0.02968   0.01224   0.07389         7       640    0.6788    0.5885      0.63    0.3535    0.0355   0.02208   0.01265
    60/199    0.912G   0.03207   0.02939   0.01189   0.07335         4       640    0.6549    0.6083    0.6309    0.3588   0.03524   0.02206    0.0126
    61/199    0.912G   0.03188   0.03054   0.01211   0.07453         8       640    0.6379    0.5893    0.6119    0.3502   0.03535   0.02212   0.01318
    62/199    0.912G   0.03258   0.03013    0.0116   0.07431         6       640    0.6511    0.5967    0.6212    0.3551   0.03519   0.02197   0.01217
    63/199    0.912G   0.03171   0.03028   0.01109   0.07308         1       640    0.6585    0.5978    0.6195    0.3521   0.03498   0.02223   0.01223
    64/199    0.912G   0.03145   0.02899   0.01138   0.07182         1       640    0.6416    0.6058     0.623    0.3571   0.03542    0.0222   0.01295
    65/199    0.912G   0.03156   0.02918   0.01128   0.07202         6       640     0.673    0.5892    0.6258    0.3528   0.03537    0.0225   0.01318
    66/199    0.912G   0.03088   0.02887   0.01068   0.07042         1       640    0.6693    0.5997    0.6278      0.36   0.03535   0.02213   0.01235
    67/199    0.912G   0.03101    0.0287   0.01057   0.07029         3       640    0.6689    0.5917     0.626    0.3553   0.03553   0.02245   0.01237
    68/199    0.912G   0.03097   0.02859   0.01054   0.07011         2       640    0.6308    0.6128    0.6203    0.3606   0.03539   0.02249   0.01298
    69/199    0.912G   0.03119    0.0295   0.01079   0.07147         9       640    0.6587    0.6024    0.6238     0.362   0.03549   0.02262   0.01313
    70/199    0.912G   0.03096   0.02975   0.01058   0.07129         2       640    0.6997    0.5923    0.6472    0.3745   0.03454   0.02229   0.01183
    71/199    0.912G   0.03038   0.02851    0.0099   0.06879         1       640    0.6847    0.5942    0.6363    0.3682   0.03515   0.02248    0.0132
    72/199    0.912G   0.03038   0.02854   0.01022   0.06915         2       640    0.6702    0.5898    0.6248    0.3647   0.03496   0.02232   0.01224
    73/199    0.912G   0.03033   0.02786   0.01036   0.06855         2       640    0.6927    0.6075    0.6445    0.3777   0.03498   0.02235   0.01227
    74/199    0.912G   0.03014   0.02781   0.01028   0.06823         2       640     0.694    0.5994    0.6428    0.3744   0.03469   0.02222   0.01208
    75/199    0.912G   0.02995   0.02802    0.0104   0.06836         7       640    0.6841    0.5833    0.6294    0.3679   0.03496   0.02237   0.01237
    76/199    0.912G   0.03034   0.02766   0.01038   0.06837         1       640    0.6897    0.5879    0.6443    0.3815   0.03458   0.02229   0.01199
    77/199    0.912G   0.03022   0.02857   0.01012   0.06891         4       640    0.7054    0.5756    0.6416    0.3779   0.03452   0.02234   0.01188
    78/199    0.912G   0.02995   0.02833  0.009724     0.068         3       640    0.6718    0.6042    0.6444    0.3793   0.03462   0.02236     0.012
    79/199    0.912G    0.0299   0.02839  0.009438   0.06772         6       640     0.695    0.6169    0.6574    0.3871   0.03483   0.02251   0.01197
    80/199    0.912G   0.02956   0.02743  0.009855   0.06684         6       640    0.6784    0.6147    0.6443    0.3777   0.03507    0.0228   0.01212
    81/199    0.912G   0.02975   0.02792   0.01044    0.0681         1       640    0.6816    0.6111    0.6389    0.3726   0.03495   0.02253   0.01246
    82/199    0.912G   0.02937   0.02827  0.009861    0.0675         1       640    0.6506    0.6129    0.6309    0.3668   0.03535   0.02251    0.0122
    83/199    0.912G   0.02986   0.02776   0.01017    0.0678         7       640     0.707    0.5915    0.6414    0.3787   0.03451   0.02241   0.01208
    84/199    0.912G   0.02922   0.02759  0.009301   0.06611         6       640    0.6956    0.5961    0.6424    0.3765   0.03459   0.02233    0.0123
    85/199    0.912G   0.02934   0.02749  0.009433   0.06627         3       640      0.68    0.6011    0.6322    0.3739   0.03453    0.0225   0.01216
    86/199    0.912G   0.02869   0.02683  0.008895   0.06441         9       640    0.6821    0.6274    0.6523    0.3895   0.03439   0.02237   0.01194
    87/199    0.912G   0.02913   0.02808  0.008627   0.06584         7       640    0.6752    0.6187    0.6379    0.3784   0.03415   0.02247    0.0123
    88/199    0.912G   0.02916   0.02788  0.008972   0.06602         4       640    0.7002    0.5901    0.6419    0.3834   0.03432   0.02248   0.01249
    89/199    0.912G   0.02911    0.0271  0.009712   0.06592         5       640    0.6733    0.5989    0.6342    0.3726   0.03425   0.02252   0.01216
    90/199    0.912G   0.02924   0.02724  0.009081   0.06555         6       640    0.6528    0.6309    0.6397    0.3788   0.03441   0.02234   0.01195
    91/199    0.912G   0.02866   0.02686  0.008775    0.0643         6       640    0.6854    0.6102    0.6438     0.384   0.03426   0.02258   0.01199
    92/199    0.912G   0.02868   0.02678  0.008679   0.06414         5       640    0.6882    0.6058     0.647    0.3818   0.03395   0.02259   0.01174
    93/199    0.912G    0.0282   0.02691  0.008669   0.06379         2       640    0.7085    0.6144    0.6537    0.3938   0.03412   0.02221   0.01175
    94/199    0.912G   0.02819   0.02634  0.008889   0.06342         5       640    0.6634    0.6387    0.6566    0.3908   0.03429   0.02286   0.01177
    95/199    0.912G   0.02831   0.02684  0.008402   0.06355         7       640    0.6847    0.6161    0.6542    0.3897   0.03401   0.02254   0.01173
    96/199    0.912G   0.02818   0.02673  0.008485   0.06339         3       640    0.7249    0.5903     0.651    0.3885   0.03416   0.02271   0.01194
    97/199    0.912G   0.02764   0.02628  0.008403   0.06232         3       640    0.7219    0.5928    0.6527    0.3901   0.03432   0.02268   0.01199
    98/199    0.912G   0.02826   0.02646  0.007971   0.06269         2       640    0.6888    0.6121    0.6543    0.3956   0.03444   0.02273    0.0127
    99/199    0.912G   0.02769    0.0262  0.008347   0.06223         2       640    0.6684    0.6107    0.6384    0.3819   0.03456    0.0228   0.01249
   100/199    0.912G   0.02747   0.02582  0.008346   0.06164         5       640     0.686    0.6142    0.6502    0.3901   0.03452   0.02259   0.01244
   101/199    0.912G   0.02764   0.02632  0.008107   0.06207         5       640     0.691    0.6122    0.6522    0.3933    0.0345   0.02263   0.01234
   102/199    0.912G   0.02705   0.02565  0.007714   0.06041         9       640    0.7117    0.6174    0.6595    0.3978   0.03391   0.02263    0.0119
   103/199    0.912G    0.0273   0.02611  0.008282   0.06168         3       640    0.7011    0.6199    0.6531    0.3931   0.03419   0.02297   0.01186
   104/199    0.912G   0.02729   0.02577  0.007953   0.06102        12       640    0.6705     0.641    0.6596    0.3957   0.03422   0.02294   0.01222
   105/199    0.912G   0.02739   0.02592  0.008246   0.06155         1       640    0.7015    0.6184    0.6605    0.3993   0.03408   0.02287   0.01214
   106/199    0.912G   0.02733   0.02577  0.008045   0.06114         6       640    0.7097    0.6139    0.6624    0.4026   0.03423    0.0228   0.01242
   107/199    0.912G   0.02676   0.02543  0.007442   0.05963         6       640    0.6889    0.6281    0.6572    0.3974   0.03428   0.02281   0.01203
   108/199    0.912G   0.02676   0.02511  0.007379   0.05925         3       640    0.6979    0.6273    0.6628    0.4004   0.03403   0.02283   0.01227
   109/199    0.912G   0.02698   0.02494    0.0077   0.05962         4       640    0.7105    0.6154     0.661    0.4006   0.03408   0.02305   0.01239
   110/199    0.912G   0.02681   0.02553   0.00765   0.05999         5       640    0.7012    0.6275    0.6611    0.3991   0.03399   0.02298   0.01196
   111/199    0.912G   0.02651   0.02543  0.007478   0.05942         5       640    0.7086    0.6237    0.6617     0.401   0.03422   0.02302   0.01224
   112/199    0.912G   0.02658   0.02536  0.007197   0.05914         2       640    0.7186    0.6181    0.6636    0.4024   0.03421   0.02292   0.01199
   113/199    0.912G   0.02652   0.02539  0.007242   0.05915         3       640    0.6946    0.6449     0.664    0.4078   0.03433   0.02286   0.01169
   114/199    0.912G   0.02594   0.02491  0.007184   0.05803        15       640     0.707      0.62    0.6627    0.4038   0.03416   0.02312   0.01149
   115/199    0.912G   0.02632   0.02506  0.007181   0.05856         5       640    0.7071    0.6132    0.6545    0.3986   0.03412   0.02296   0.01137
   116/199    0.912G   0.02617   0.02506  0.007549   0.05878         3       640    0.7025    0.6224    0.6575    0.4021   0.03411   0.02319   0.01214
   117/199    0.912G   0.02558   0.02459  0.006892   0.05707         1       640    0.7023    0.6144    0.6588    0.4013   0.03428   0.02334   0.01198
   118/199    0.912G   0.02596   0.02523  0.006808   0.05799         6       640    0.7295    0.6028    0.6579    0.3967    0.0343   0.02325   0.01203
   119/199    0.912G   0.02556   0.02424  0.007032   0.05684         2       640    0.6998    0.6313    0.6641    0.4008   0.03414   0.02334   0.01184
   120/199    0.912G   0.02574   0.02435  0.007021   0.05712        12       640    0.6955    0.6174    0.6544     0.398    0.0342   0.02342   0.01174
   121/199    0.912G   0.02553   0.02497  0.006837   0.05733         2       640    0.6878    0.6274    0.6575     0.401   0.03409   0.02343    0.0121
   122/199    0.912G   0.02568   0.02449  0.007622   0.05779         4       640    0.7026    0.6163     0.658    0.4031   0.03417   0.02352   0.01181
   123/199    0.912G   0.02577   0.02404  0.007123   0.05693         1       640    0.7097    0.6213    0.6583    0.4047   0.03431   0.02354   0.01152
   124/199    0.912G   0.02552   0.02429  0.006887    0.0567         2       640    0.7351    0.6089    0.6611    0.4046   0.03427   0.02372   0.01129
   125/199    0.912G   0.02547   0.02419  0.006364   0.05602         1       640    0.7469    0.5965     0.664    0.4087    0.0342   0.02341   0.01181
   126/199    0.912G   0.02494   0.02418  0.006489   0.05561         5       640    0.6899    0.6311    0.6577    0.4019   0.03404   0.02388   0.01186
   127/199    0.912G   0.02511   0.02422  0.006641   0.05598         7       640    0.7498    0.5852    0.6573     0.402   0.03411   0.02356   0.01195
   128/199    0.912G   0.02526   0.02417  0.006927   0.05637         3       640    0.7193    0.6058    0.6633    0.4055   0.03396   0.02353   0.01179
   129/199    0.912G   0.02494   0.02389  0.006746   0.05557         4       640    0.7063    0.6157    0.6628    0.4043   0.03398   0.02356   0.01164
   130/199    0.912G   0.02517   0.02437  0.006437   0.05598         2       640    0.7109    0.6317    0.6676    0.4098   0.03396   0.02345   0.01158
   131/199    0.912G   0.02453   0.02371  0.007081   0.05532         3       640    0.7343    0.6075     0.663    0.4085   0.03401   0.02362   0.01137
   132/199    0.912G   0.02502   0.02409  0.006776   0.05588         5       640    0.6951     0.634    0.6577    0.4002   0.03419   0.02379   0.01204
   133/199    0.912G   0.02477   0.02369  0.006785   0.05524         1       640    0.7482       0.6    0.6632    0.4104   0.03413   0.02416   0.01216
   134/199    0.912G   0.02496   0.02373  0.006422   0.05511         5       640    0.7114     0.625    0.6649    0.4126   0.03386   0.02382   0.01193
   135/199    0.912G     0.025   0.02381  0.006463   0.05527         3       640    0.7373     0.605    0.6637    0.4119    0.0341   0.02369   0.01185
   136/199    0.912G   0.02463   0.02323  0.006758   0.05462         1       640    0.7547    0.6039    0.6711    0.4174   0.03391   0.02367   0.01153
   137/199    0.912G   0.02459   0.02338  0.006364   0.05433         5       640    0.7199    0.6258    0.6712    0.4132    0.0338   0.02335   0.01147
   138/199    0.912G   0.02435    0.0238  0.006258   0.05441         4       640    0.7126    0.6358    0.6701    0.4128   0.03383   0.02358   0.01158
   139/199    0.912G   0.02428   0.02292  0.006203   0.05341         3       640    0.7276    0.6218    0.6676    0.4132    0.0338   0.02376   0.01162
   140/199    0.912G   0.02433   0.02344  0.006389   0.05416         3       640    0.7065    0.6319    0.6683    0.4125   0.03395   0.02402   0.01199
   141/199    0.912G   0.02437   0.02427  0.005986   0.05463         8       640    0.7484    0.6041    0.6691    0.4148   0.03373   0.02364   0.01183
   142/199    0.912G   0.02457   0.02368  0.006868   0.05512         7       640    0.7311    0.6239    0.6709    0.4137   0.03388   0.02391   0.01169
   143/199    0.912G   0.02438   0.02374   0.00576   0.05387         2       640    0.7426    0.6093    0.6737    0.4178   0.03386   0.02381   0.01215
   144/199    0.912G   0.02396   0.02341  0.006241   0.05361         1       640    0.7151      0.63    0.6718    0.4158   0.03412   0.02382   0.01201
   145/199    0.912G   0.02353   0.02284  0.005751   0.05212         2       640    0.7473    0.6064    0.6712    0.4146   0.03389   0.02379    0.0118
   146/199    0.912G   0.02383    0.0231  0.006011   0.05294         7       640    0.7422    0.6001     0.663     0.411   0.03376    0.0239   0.01181
   147/199    0.912G   0.02414   0.02318  0.006188   0.05351         6       640    0.7207    0.6209    0.6607    0.4134   0.03409   0.02391   0.01239
   148/199    0.912G   0.02342   0.02292  0.005885   0.05223         1       640    0.7338    0.6244    0.6695    0.4153   0.03395   0.02416   0.01181
   149/199    0.912G   0.02329   0.02253  0.005655   0.05148        12       640    0.7126    0.6272    0.6618    0.4126   0.03389   0.02442   0.01167
   150/199    0.912G   0.02346   0.02304  0.005686   0.05219         6       640    0.7283    0.6262    0.6712    0.4173   0.03359   0.02424   0.01171
   151/199    0.912G   0.02389   0.02268  0.006443   0.05301         4       640    0.7389    0.6155    0.6725    0.4197    0.0338    0.0242   0.01181
   152/199    0.912G   0.02356   0.02304  0.005876   0.05248         3       640    0.7272    0.6188    0.6678    0.4169   0.03402   0.02408    0.0122
   153/199    0.912G    0.0231   0.02254  0.005677   0.05131         1       640    0.7364     0.621    0.6765     0.423   0.03393   0.02407   0.01158
   154/199    0.912G   0.02349   0.02238  0.005907   0.05178         4       640    0.7532    0.6091    0.6707    0.4191   0.03408   0.02421   0.01176
   155/199    0.912G   0.02312   0.02248  0.006038   0.05164         3       640    0.7426    0.6227    0.6735    0.4241   0.03413   0.02405   0.01197
   156/199    0.912G    0.0234   0.02274  0.006009   0.05215         2       640    0.7243    0.6305    0.6747    0.4223   0.03416   0.02408   0.01164
   157/199    0.912G   0.02288   0.02259   0.00553     0.051         4       640     0.729    0.6197    0.6724    0.4223   0.03413   0.02405   0.01137
   158/199    0.912G   0.02309   0.02209  0.005472   0.05065         6       640    0.7405    0.6147    0.6751    0.4222   0.03384   0.02409   0.01151
   159/199    0.912G   0.02306   0.02305  0.005282   0.05139         3       640    0.7362    0.6226    0.6757    0.4241   0.03377   0.02426   0.01156
   160/199    0.912G   0.02313   0.02214  0.005577   0.05084         2       640    0.7282    0.6233     0.671    0.4185   0.03395   0.02445   0.01179
   161/199    0.912G   0.02317   0.02242  0.005409     0.051         4       640    0.7639    0.5932    0.6673    0.4166   0.03389   0.02434   0.01181
   162/199    0.912G   0.02254   0.02184   0.00557   0.04995         1       640    0.7114    0.6283    0.6676    0.4187   0.03389   0.02452   0.01163
   163/199    0.912G   0.02277   0.02213   0.00539    0.0503         2       640    0.7283    0.6198    0.6714    0.4235   0.03389    0.0244   0.01129
   164/199    0.912G    0.0226   0.02233  0.005081   0.05001         5       640    0.7176    0.6328    0.6741    0.4246   0.03387   0.02433   0.01131
   165/199    0.912G   0.02292   0.02279  0.005315   0.05103        30       640    0.7141    0.6276    0.6693    0.4227   0.03399   0.02444   0.01185
   166/199    0.912G   0.02275   0.02161  0.005362   0.04972         3       640    0.7316    0.6252    0.6733    0.4237   0.03389   0.02449   0.01154
   167/199    0.912G   0.02239   0.02186  0.005562   0.04981         6       640    0.7388     0.621    0.6748    0.4246   0.03388   0.02441    0.0114
   168/199    0.912G   0.02265   0.02211  0.005551   0.05031         1       640    0.7639     0.604    0.6708    0.4214   0.03404   0.02465   0.01158
   169/199    0.912G   0.02267   0.02166  0.005223   0.04956         4       640    0.7205    0.6314    0.6718    0.4204   0.03405   0.02476   0.01195
   170/199    0.912G   0.02225   0.02162  0.005211   0.04909         5       640    0.7253    0.6233    0.6668    0.4192   0.03391    0.0247   0.01207
   171/199    0.912G   0.02232   0.02192  0.005279   0.04952         5       640     0.747    0.6091    0.6672    0.4184   0.03395   0.02467   0.01214
   172/199    0.912G   0.02258   0.02179  0.005399   0.04977         4       640    0.7311    0.6263    0.6733    0.4247   0.03399   0.02473   0.01155
   173/199    0.912G   0.02226   0.02217  0.005161   0.04959         2       640    0.7509    0.6134    0.6769     0.425   0.03372    0.0247   0.01118
   174/199    0.912G   0.02202   0.02165  0.005017   0.04869         3       640    0.7518    0.6132    0.6729    0.4239   0.03381   0.02493   0.01148
   175/199    0.912G   0.02212   0.02165  0.005019   0.04879         6       640    0.7332    0.6248     0.671    0.4234   0.03379   0.02473   0.01167
   176/199    0.912G     0.022   0.02191  0.004846   0.04876         2       640    0.7332    0.6232    0.6708    0.4241    0.0337   0.02482   0.01172
   177/199    0.912G   0.02213   0.02132  0.005236   0.04869         4       640    0.7338    0.6225    0.6723    0.4243   0.03369   0.02489   0.01177
   178/199    0.912G   0.02215   0.02178  0.005299   0.04923         2       640    0.7399    0.6178    0.6707    0.4216   0.03362   0.02499    0.0118
   179/199    0.912G   0.02212   0.02191  0.005197   0.04923         4       640    0.7538    0.6045    0.6687    0.4213   0.03366   0.02509   0.01174
   180/199    0.912G   0.02173   0.02155  0.004892   0.04817         3       640    0.7047    0.6493     0.673    0.4254   0.03353   0.02495   0.01152
   181/199    0.912G   0.02191   0.02179  0.004804    0.0485         6       640    0.7588    0.6159    0.6771    0.4251   0.03367   0.02486   0.01173
   182/199    0.912G   0.02179   0.02118  0.004862   0.04784         2       640    0.7449    0.6219    0.6756    0.4244    0.0339   0.02502   0.01164
   183/199    0.912G    0.0218   0.02148  0.005399   0.04868         7       640    0.7153    0.6382    0.6773    0.4259   0.03373   0.02504   0.01149
   184/199    0.912G   0.02205   0.02153  0.005117    0.0487         2       640    0.7476    0.6239    0.6799    0.4285   0.03379   0.02495   0.01147
   185/199    0.912G   0.02153   0.02184  0.005154   0.04852         6       640      0.76    0.6156    0.6763    0.4255   0.03389   0.02496   0.01152
   186/199    0.912G    0.0216   0.02135  0.005483   0.04843         8       640     0.754    0.6147    0.6756    0.4243   0.03404   0.02518   0.01167
   187/199    0.912G   0.02164   0.02142   0.00498   0.04804         3       640    0.7608    0.6164    0.6768    0.4273   0.03404   0.02519    0.0118
   188/199    0.912G   0.02197   0.02133  0.004976   0.04828         5       640    0.7531    0.6203    0.6774    0.4259    0.0339   0.02504    0.0115
   189/199    0.912G    0.0217   0.02114  0.005184   0.04803         8       640    0.7465    0.6284    0.6796    0.4289   0.03378   0.02495   0.01127
   190/199    0.912G   0.02142   0.02098  0.004787   0.04719         2       640    0.7364    0.6399    0.6808    0.4294   0.03373   0.02511   0.01132
   191/199    0.912G   0.02151   0.02131   0.00506   0.04788         4       640     0.745     0.631     0.678    0.4293   0.03387   0.02509    0.0115
   192/199    0.912G   0.02126   0.02124  0.004912    0.0474         7       640    0.7471    0.6246    0.6762    0.4279    0.0339   0.02528   0.01148
   193/199    0.912G   0.02135   0.02148  0.004722   0.04754         3       640    0.7778    0.6048    0.6755    0.4258   0.03388   0.02516    0.0114
   194/199    0.912G   0.02111    0.0211  0.004653   0.04686         2       640    0.7529    0.6182    0.6759    0.4252   0.03378   0.02522   0.01132
   195/199    0.912G   0.02191   0.02137  0.004771   0.04805         1       640    0.7444    0.6256    0.6777     0.427   0.03371   0.02523   0.01116
   196/199    0.912G   0.02124   0.02085  0.004881   0.04697         6       640    0.7341    0.6267    0.6757    0.4262   0.03378   0.02527   0.01127
   197/199    0.912G   0.02117    0.0212  0.004308   0.04668         6       640    0.7377    0.6294    0.6768    0.4257   0.03377   0.02525   0.01134
   198/199    0.912G   0.02151   0.02087   0.00537   0.04775         9       640     0.763    0.6047    0.6744    0.4232   0.03383   0.02522    0.0114
   199/199    0.912G   0.02173   0.02131  0.004848   0.04789         4       640    0.7136    0.6384    0.6731    0.4221   0.03387   0.02523   0.01159
